360
-3.13137e-05 -0.0969342
0.0061377 -0.0974207
0.0120794 -0.0988427
0.0177076 -0.101095
0.0229695 -0.104054
0.0278458 -0.107585
0.0323493 -0.111552
0.0365181 -0.115825
0.0404087 -0.120285
0.0440883 -0.124823
0.0476288 -0.129345
0.0511 -0.133771
0.0545643 -0.138032
0.0580735 -0.142069
0.0616661 -0.145838
0.0653659 -0.149303
0.0691838 -0.152442
0.0731183 -0.155244
0.0771591 -0.157705
0.0812896 -0.159831
0.0854891 -0.161629
0.0897356 -0.163115
0.0940069 -0.164307
0.0982826 -0.165225
0.102543 -0.165883
0.106772 -0.166301
0.110954 -0.166496
0.115075 -0.166483
0.119123 -0.16627
0.123084 -0.165872
0.126947 -0.165292
0.1307 -0.164536
0.13433 -0.163611
0.137824 -0.162515
0.141169 -0.161255
0.144349 -0.159829
0.147351 -0.158244
0.150161 -0.1565
0.152767 -0.154605
0.155157 -0.152565
0.15732 -0.150386
0.159249 -0.148081
0.160937 -0.14566
0.162382 -0.143135
0.163582 -0.140521
0.164539 -0.137831
0.165257 -0.135079
0.165742 -0.13228
0.166002 -0.129445
0.166044 -0.126587
0.16588 -0.123719
0.16552 -0.120853
0.164975 -0.117995
0.164256 -0.115153
0.163374 -0.112337
0.162337 -0.10955
0.161157 -0.106796
0.159843 -0.104081
0.158401 -0.101404
0.156841 -0.0987688
0.155168 -0.0961749
0.153389 -0.0936221
0.151511 -0.0911074
0.149538 -0.088632
0.147476 -0.0861918
0.14533 -0.0837816
0.143106 -0.0813977
0.140808 -0.0790354
0.138442 -0.07669
0.136014 -0.0743547
0.133529 -0.07202
0.130994 -0.0696802
0.128416 -0.0673259
0.125804 -0.064948
0.123168 -0.0625385
0.12052 -0.0600884
0.117873 -0.0575887
0.115242 -0.0550296
0.112642 -0.0524028
0.110092 -0.0496972
0.107609 -0.0469053
0.105212 -0.0440179
0.102923 -0.0410284
0.10076 -0.0379311
0.0987461 -0.0347224
0.0968997 -0.0314008
0.0952404 -0.0279675
0.0937851 -0.0244268
0.0925498 -0.0207859
0.0915482 -0.0170553
0.0907916 -0.0132484
0.0902899 -0.00938211
0.0900519 -0.00547628
0.0900845 -0.00155432
0.0903948 0.00235794
0.0909889 0.00623114
0.0918723 0.0100336
0.0930504 0.0137316
0.094527 0.0172898
0.0963039 0.0206731
0.0983798 0.0238464
0.10075 0.0267794
0.103406 0.0294457
0.106334 0.0318269
0.109516 0.0339145
0.112929 0.035709
0.116548 0.0372234
0.120345 0.0384797
0.124292 0.0395107
0.12836 0.0403556
0.132524 0.041055
0.136757 0.0416558
0.141038 0.0421977
0.145348 0.0427224
0.14967 0.043265
0.153988 0.0438531
0.158287 0.0445164
0.162552 0.0452791
0.166767 0.0461597
0.170914 0.0471804
0.174973 0.0483617
0.17892 0.0497245
0.18273 0.0512888
0.186376 0.0530715
0.189832 0.055086
0.193064 0.0573451
0.196049 0.0598502
0.198756 0.0625954
0.201163 0.0655686
0.203244 0.0687483
0.204978 0.0721058
0.206348 0.0756066
0.207335 0.0792074
0.207925 0.0828652
0.208107 0.0865318
0.207871 0.090161
0.207219 0.0937082
0.206149 0.0971303
0.204678 0.100393
0.202819 0.103466
0.2006 0.10633
0.198051 0.108971
0.195207 0.111387
0.192107 0.113585
0.18879 0.115579
0.185293 0.117385
0.181656 0.119032
0.177907 0.120541
0.174075 0.121941
0.17018 0.123258
0.166244 0.124511
0.16228 0.125721
0.1583 0.126903
0.154313 0.128072
0.150323 0.129237
0.146337 0.130409
0.142358 0.131593
0.138391 0.132796
0.13444 0.134024
0.130511 0.135284
0.126611 0.136583
0.122751 0.137927
0.118944 0.139325
0.115209 0.140789
0.111568 0.142328
0.108051 0.143951
0.104691 0.145674
0.101528 0.147504
0.0986056 0.14945
0.0959692 0.151521
0.093664 0.153716
0.0917322 0.156039
0.0902084 0.15848
0.0891183 0.161035
0.0884735 0.163692
0.0882721 0.166441
0.0884963 0.169268
0.0891137 0.172162
0.090079 0.175117
0.0913369 0.178124
0.092826 0.181183
0.0944826 0.184292
0.0962431 0.187457
0.0980491 0.190679
0.0998486 0.193964
0.101598 0.197315
0.10326 0.200735
0.104809 0.204224
0.106226 0.207781
0.107498 0.211404
0.108618 0.215087
0.109585 0.218826
0.110397 0.222613
0.111057 0.226444
0.11157 0.230311
0.111939 0.234208
0.112168 0.23813
0.112262 0.24207
0.112223 0.246024
0.112053 0.249987
0.111755 0.253956
0.111329 0.257924
0.110775 0.26189
0.110092 0.265848
0.109276 0.269791
0.108326 0.273717
0.107235 0.277618
0.105997 0.281486
0.104605 0.285314
0.103052 0.289095
0.101328 0.292818
0.0994265 0.296473
0.0973404 0.300048
0.0950647 0.303536
0.0925961 0.306926
0.0899338 0.31021
0.08708 0.313379
0.0840383 0.316424
0.0808153 0.319343
0.0774184 0.322131
0.073857 0.324783
0.0701405 0.327298
0.0662788 0.329673
0.0622817 0.331907
0.0581581 0.333997
0.0539168 0.335945
0.0495652 0.337746
0.045111 0.339398
0.0405604 0.340901
0.0359193 0.342247
0.0311937 0.343436
0.0263893 0.344462
0.0215115 0.345322
0.0165658 0.34601
0.0115581 0.346523
0.00649432 0.346855
0.0013808 0.347002
-0.0037759 0.346958
-0.0089688 0.346721
-0.0141905 0.346285
-0.0194332 0.345644
-0.0246888 0.344796
-0.0299479 0.343736
-0.0352012 0.342459
-0.0404378 0.340961
-0.0456457 0.339234
-0.0508115 0.337275
-0.0559191 0.335078
-0.0609506 0.332634
-0.0658844 0.329934
-0.0706956 0.326971
-0.0753562 0.323737
-0.0798353 0.320221
-0.0841003 0.316419
-0.0881188 0.31233
-0.0918608 0.307951
-0.095302 0.303292
-0.098425 0.298365
-0.101221 0.293184
-0.10369 0.287773
-0.105837 0.28215
-0.107672 0.276343
-0.109202 0.270371
-0.110432 0.264254
-0.11136 0.258009
-0.111978 0.251654
-0.112271 0.245209
-0.112214 0.238688
-0.111779 0.232118
-0.11093 0.225528
-0.109631 0.218948
-0.107847 0.212422
-0.105565 0.205986
-0.10281 0.199674
-0.0996751 0.193507
-0.0963486 0.187485
-0.0931324 0.181596
-0.0904297 0.175826
-0.0886946 0.170184
-0.0883444 0.164719
-0.0896595 0.159519
-0.0927137 0.154684
-0.0973658 0.150291
-0.103321 0.146364
-0.110228 0.14287
-0.117765 0.139734
-0.125691 0.136866
-0.133851 0.134187
-0.142156 0.131632
-0.150553 0.129147
-0.158993 0.126668
-0.167412 0.124103
-0.175697 0.12131
-0.183668 0.118083
-0.191054 0.114187
-0.197517 0.109402
-0.202686 0.103614
-0.206237 0.0968738
-0.207953 0.0894114
-0.207765 0.0816008
-0.205717 0.0738857
-0.201946 0.0667008
-0.196629 0.0603954
-0.189988 0.0551726
-0.18228 0.0510663
-0.173778 0.0479697
-0.164738 0.0456956
-0.15537 0.0440323
-0.14584 0.0427471
-0.13631 0.0415459
-0.126974 0.0400312
-0.118095 0.0377235
-0.109993 0.0341696
-0.102998 0.0290907
-0.0973833 0.0224735
-0.0933142 0.0145604
-0.0908534 0.00573785
-0.0899963 -0.00356764
-0.0907126 -0.0129751
-0.0929511 -0.0221732
-0.0966155 -0.0309411
-0.101534 -0.0391576
-0.107459 -0.0468032
-0.114101 -0.0539511
-0.121167 -0.0607411
-0.128391 -0.0673427
-0.135536 -0.0739325
-0.14239 -0.0806737
-0.148751 -0.0876981
-0.154423 -0.0950888
-0.159207 -0.102869
-0.16289 -0.110984
-0.165246 -0.119302
-0.166055 -0.127608
-0.165144 -0.135624
-0.162449 -0.143045
-0.158056 -0.149596
-0.152193 -0.155088
-0.145184 -0.159445
-0.137375 -0.162688
-0.129076 -0.164893
-0.120536 -0.166143
-0.111944 -0.166493
-0.103449 -0.165964
-0.0951785 -0.164554
-0.0872502 -0.162252
-0.0797712 -0.159065
-0.0728243 -0.155033
-0.0664488 -0.150236
-0.0606263 -0.144807
-0.0552727 -0.138912
-0.0502505 -0.132751
-0.0453902 -0.126534
-0.0405207 -0.120471
-0.0354946 -0.114767
-0.0302092 -0.109612
-0.0246156 -0.105177
-0.0187222 -0.101606
-0.0125891 -0.0990068
-0.00631724 -0.0974383
2
0