1000
6.12323e-17 1
-0.00224514 0.99309
-0.00449028 0.98618
-0.00673542 0.979271
-0.00898056 0.972361
-0.0112257 0.965451
-0.0134708 0.958541
-0.015716 0.951631
-0.0179611 0.944721
-0.0202063 0.937812
-0.0224514 0.930902
-0.0246965 0.923992
-0.0269417 0.917082
-0.0291868 0.910172
-0.031432 0.903262
-0.0336771 0.896353
-0.0359222 0.889443
-0.0381674 0.882533
-0.0404125 0.875623
-0.0426577 0.868713
-0.0449028 0.861803
-0.0471479 0.854894
-0.0493931 0.847984
-0.0516382 0.841074
-0.0538834 0.834164
-0.0561285 0.827254
-0.0583736 0.820344
-0.0606188 0.813435
-0.0628639 0.806525
-0.0651091 0.799615
-0.0673542 0.792705
-0.0695993 0.785795
-0.0718445 0.778885
-0.0740896 0.771976
-0.0763348 0.765066
-0.0785799 0.758156
-0.080825 0.751246
-0.0830702 0.744336
-0.0853153 0.737426
-0.0875605 0.730517
-0.0898056 0.723607
-0.0920507 0.716697
-0.0942959 0.709787
-0.096541 0.702877
-0.0987862 0.695967
-0.101031 0.689058
-0.103276 0.682148
-0.105522 0.675238
-0.107767 0.668328
-0.110012 0.661418
-0.112257 0.654508
-0.114502 0.647599
-0.116747 0.640689
-0.118992 0.633779
-0.121238 0.626869
-0.123483 0.619959
-0.125728 0.61305
-0.127973 0.60614
-0.130218 0.59923
-0.132463 0.59232
-0.134708 0.58541
-0.136954 0.5785
-0.139199 0.571591
-0.141444 0.564681
-0.143689 0.557771
-0.145934 0.550861
-0.148179 0.543951
-0.150424 0.537041
-0.15267 0.530132
-0.154915 0.523222
-0.15716 0.516312
-0.159405 0.509402
-0.16165 0.502492
-0.163895 0.495582
-0.16614 0.488673
-0.168385 0.481763
-0.170631 0.474853
-0.172876 0.467943
-0.175121 0.461033
-0.177366 0.454123
-0.179611 0.447214
-0.181856 0.440304
-0.184101 0.433394
-0.186347 0.426484
-0.188592 0.419574
-0.190837 0.412664
-0.193082 0.405755
-0.195327 0.398845
-0.197572 0.391935
-0.199817 0.385025
-0.202063 0.378115
-0.204308 0.371205
-0.206553 0.364296
-0.208798 0.357386
-0.211043 0.350476
-0.213288 0.343566
-0.215533 0.336656
-0.217779 0.329746
-0.220024 0.322837
-0.222269 0.315927
-0.224514 0.309017
-0.231779 0.309017
-0.239045 0.309017
-0.24631 0.309017
-0.253576 0.309017
-0.260841 0.309017
-0.268107 0.309017
-0.275372 0.309017
-0.282637 0.309017
-0.289903 0.309017
-0.297168 0.309017
-0.304434 0.309017
-0.311699 0.309017
-0.318965 0.309017
-0.32623 0.309017
-0.333495 0.309017
-0.340761 0.309017
-0.348026 0.309017
-0.355292 0.309017
-0.362557 0.309017
-0.369822 0.309017
-0.377088 0.309017
-0.384353 0.309017
-0.391619 0.309017
-0.398884 0.309017
-0.40615 0.309017
-0.413415 0.309017
-0.42068 0.309017
-0.427946 0.309017
-0.435211 0.309017
-0.442477 0.309017
-0.449742 0.309017
-0.457008 0.309017
-0.464273 0.309017
-0.471538 0.309017
-0.478804 0.309017
-0.486069 0.309017
-0.493335 0.309017
-0.5006 0.309017
-0.507866 0.309017
-0.515131 0.309017
-0.522396 0.309017
-0.529662 0.309017
-0.536927 0.309017
-0.544193 0.309017
-0.551458 0.309017
-0.558724 0.309017
-0.565989 0.309017
-0.573254 0.309017
-0.58052 0.309017
-0.587785 0.309017
-0.595051 0.309017
-0.602316 0.309017
-0.609582 0.309017
-0.616847 0.309017
-0.624112 0.309017
-0.631378 0.309017
-0.638643 0.309017
-0.645909 0.309017
-0.653174 0.309017
-0.66044 0.309017
-0.667705 0.309017
-0.67497 0.309017
-0.682236 0.309017
-0.689501 0.309017
-0.696767 0.309017
-0.704032 0.309017
-0.711297 0.309017
-0.718563 0.309017
-0.725828 0.309017
-0.733094 0.309017
-0.740359 0.309017
-0.747625 0.309017
-0.75489 0.309017
-0.762155 0.309017
-0.769421 0.309017
-0.776686 0.309017
-0.783952 0.309017
-0.791217 0.309017
-0.798483 0.309017
-0.805748 0.309017
-0.813013 0.309017
-0.820279 0.309017
-0.827544 0.309017
-0.83481 0.309017
-0.842075 0.309017
-0.849341 0.309017
-0.856606 0.309017
-0.863871 0.309017
-0.871137 0.309017
-0.878402 0.309017
-0.885668 0.309017
-0.892933 0.309017
-0.900199 0.309017
-0.907464 0.309017
-0.914729 0.309017
-0.921995 0.309017
-0.92926 0.309017
-0.936526 0.309017
-0.943791 0.309017
-0.951057 0.309017
-0.945179 0.304746
-0.939301 0.300476
-0.933423 0.296205
-0.927545 0.291935
-0.921667 0.287664
-0.915789 0.283394
-0.909912 0.279123
-0.904034 0.274853
-0.898156 0.270582
-0.892278 0.266312
-0.8864 0.262041
-0.880522 0.257771
-0.874644 0.2535
-0.868767 0.24923
-0.862889 0.244959
-0.857011 0.240689
-0.851133 0.236418
-0.845255 0.232148
-0.839377 0.227877
-0.833499 0.223607
-0.827622 0.219336
-0.821744 0.215066
-0.815866 0.210795
-0.809988 0.206525
-0.80411 0.202254
-0.798232 0.197984
-0.792354 0.193713
-0.786477 0.189443
-0.780599 0.185172
-0.774721 0.180902
-0.768843 0.176631
-0.762965 0.172361
-0.757087 0.16809
-0.75121 0.16382
-0.745332 0.159549
-0.739454 0.155279
-0.733576 0.151008
-0.727698 0.146738
-0.72182 0.142467
-0.715942 0.138197
-0.710065 0.133926
-0.704187 0.129656
-0.698309 0.125385
-0.692431 0.121115
-0.686553 0.116844
-0.680675 0.112574
-0.674797 0.108303
-0.66892 0.104033
-0.663042 0.099762
-0.657164 0.0954915
-0.651286 0.091221
-0.645408 0.0869505
-0.63953 0.08268
-0.633652 0.0784095
-0.627775 0.074139
-0.621897 0.0698684
-0.616019 0.0655979
-0.610141 0.0613274
-0.604263 0.0570569
-0.598385 0.0527864
-0.592508 0.0485159
-0.58663 0.0442454
-0.580752 0.0399749
-0.574874 0.0357044
-0.568996 0.0314339
-0.563118 0.0271633
-0.55724 0.0228928
-0.551363 0.0186223
-0.545485 0.0143518
-0.539607 0.0100813
-0.533729 0.0058108
-0.527851 0.00154029
-0.521973 -0.00273022
-0.516095 -0.00700073
-0.510218 -0.0112712
-0.50434 -0.0155418
-0.498462 -0.0198123
-0.492584 -0.0240828
-0.486706 -0.0283533
-0.480828 -0.0326238
-0.47495 -0.0368943
-0.469073 -0.0411648
-0.463195 -0.0454353
-0.457317 -0.0497058
-0.451439 -0.0539763
-0.445561 -0.0582469
-0.439683 -0.0625174
-0.433805 -0.0667879
-0.427928 -0.0710584
-0.42205 -0.0753289
-0.416172 -0.0795994
-0.410294 -0.0838699
-0.404416 -0.0881404
-0.398538 -0.0924109
-0.392661 -0.0966814
-0.386783 -0.100952
-0.380905 -0.105222
-0.375027 -0.109493
-0.369149 -0.113763
-0.363271 -0.118034
-0.365516 -0.124944
-0.367762 -0.131854
-0.370007 -0.138763
-0.372252 -0.145673
-0.374497 -0.152583
-0.376742 -0.159493
-0.378987 -0.166403
-0.381232 -0.173313
-0.383478 -0.180222
-0.385723 -0.187132
-0.387968 -0.194042
-0.390213 -0.200952
-0.392458 -0.207862
-0.394703 -0.214772
-0.396948 -0.221681
-0.399194 -0.228591
-0.401439 -0.235501
-0.403684 -0.242411
-0.405929 -0.249321
-0.408174 -0.256231
-0.410419 -0.26314
-0.412664 -0.27005
-0.414909 -0.27696
-0.417155 -0.28387
-0.4194 -0.29078
-0.421645 -0.29769
-0.42389 -0.304599
-0.426135 -0.311509
-0.42838 -0.318419
-0.430625 -0.325329
-0.432871 -0.332239
-0.435116 -0.339149
-0.437361 -0.346058
-0.439606 -0.352968
-0.441851 -0.359878
-0.444096 -0.366788
-0.446341 -0.373698
-0.448587 -0.380608
-0.450832 -0.387517
-0.453077 -0.394427
-0.455322 -0.401337
-0.457567 -0.408247
-0.459812 -0.415157
-0.462057 -0.422067
-0.464303 -0.428976
-0.466548 -0.435886
-0.468793 -0.442796
-0.471038 -0.449706
-0.473283 -0.456616
-0.475528 -0.463525
-0.477773 -0.470435
-0.480019 -0.477345
-0.482264 -0.484255
-0.484509 -0.491165
-0.486754 -0.498075
-0.488999 -0.504984
-0.491244 -0.511894
-0.493489 -0.518804
-0.495735 -0.525714
-0.49798 -0.532624
-0.500225 -0.539534
-0.50247 -0.546443
-0.504715 -0.553353
-0.50696 -0.560263
-0.509205 -0.567173
-0.51145 -0.574083
-0.513696 -0.580993
-0.515941 -0.587902
-0.518186 -0.594812
-0.520431 -0.601722
-0.522676 -0.608632
-0.524921 -0.615542
-0.527166 -0.622452
-0.529412 -0.629361
-0.531657 -0.636271
-0.533902 -0.643181
-0.536147 -0.650091
-0.538392 -0.657001
-0.540637 -0.663911
-0.542882 -0.67082
-0.545128 -0.67773
-0.547373 -0.68464
-0.549618 -0.69155
-0.551863 -0.69846
-0.554108 -0.70537
-0.556353 -0.712279
-0.558598 -0.719189
-0.560844 -0.726099
-0.563089 -0.733009
-0.565334 -0.739919
-0.567579 -0.746829
-0.569824 -0.753738
-0.572069 -0.760648
-0.574314 -0.767558
-0.57656 -0.774468
-0.578805 -0.781378
-0.58105 -0.788288
-0.583295 -0.795197
-0.58554 -0.802107
-0.587785 -0.809017
-0.581907 -0.804746
-0.57603 -0.800476
-0.570152 -0.796205
-0.564274 -0.791935
-0.558396 -0.787664
-0.552518 -0.783394
-0.54664 -0.779123
-0.540762 -0.774853
-0.534885 -0.770582
-0.529007 -0.766312
-0.523129 -0.762041
-0.517251 -0.757771
-0.511373 -0.7535
-0.505495 -0.74923
-0.499617 -0.744959
-0.49374 -0.740689
-0.487862 -0.736418
-0.481984 -0.732148
-0.476106 -0.727877
-0.470228 -0.723607
-0.46435 -0.719336
-0.458472 -0.715066
-0.452595 -0.710795
-0.446717 -0.706525
-0.440839 -0.702254
-0.434961 -0.697984
-0.429083 -0.693713
-0.423205 -0.689443
-0.417328 -0.685172
-0.41145 -0.680902
-0.405572 -0.676631
-0.399694 -0.672361
-0.393816 -0.66809
-0.387938 -0.66382
-0.38206 -0.659549
-0.376183 -0.655279
-0.370305 -0.651008
-0.364427 -0.646738
-0.358549 -0.642467
-0.352671 -0.638197
-0.346793 -0.633926
-0.340915 -0.629656
-0.335038 -0.625385
-0.32916 -0.621115
-0.323282 -0.616844
-0.317404 -0.612574
-0.311526 -0.608303
-0.305648 -0.604033
-0.29977 -0.599762
-0.293893 -0.595492
-0.288015 -0.591221
-0.282137 -0.58695
-0.276259 -0.58268
-0.270381 -0.578409
-0.264503 -0.574139
-0.258626 -0.569868
-0.252748 -0.565598
-0.24687 -0.561327
-0.240992 -0.557057
-0.235114 -0.552786
-0.229236 -0.548516
-0.223358 -0.544245
-0.217481 -0.539975
-0.211603 -0.535704
-0.205725 -0.531434
-0.199847 -0.527163
-0.193969 -0.522893
-0.188091 -0.518622
-0.182213 -0.514352
-0.176336 -0.510081
-0.170458 -0.505811
-0.16458 -0.50154
-0.158702 -0.49727
-0.152824 -0.492999
-0.146946 -0.488729
-0.141068 -0.484458
-0.135191 -0.480188
-0.129313 -0.475917
-0.123435 -0.471647
-0.117557 -0.467376
-0.111679 -0.463106
-0.105801 -0.458835
-0.0999235 -0.454565
-0.0940456 -0.450294
-0.0881678 -0.446024
-0.0822899 -0.441753
-0.0764121 -0.437483
-0.0705342 -0.433212
-0.0646564 -0.428942
-0.0587785 -0.424671
-0.0529007 -0.420401
-0.0470228 -0.41613
-0.041145 -0.41186
-0.0352671 -0.407589
-0.0293893 -0.403319
-0.0235114 -0.399048
-0.0176336 -0.394778
-0.0117557 -0.390507
-0.00587785 -0.386237
-7.0166e-17 -0.381966
0.00587785 -0.386237
0.0117557 -0.390507
0.0176336 -0.394778
0.0235114 -0.399048
0.0293893 -0.403319
0.0352671 -0.407589
0.041145 -0.41186
0.0470228 -0.41613
0.0529007 -0.420401
0.0587785 -0.424671
0.0646564 -0.428942
0.0705342 -0.433212
0.0764121 -0.437483
0.0822899 -0.441753
0.0881678 -0.446024
0.0940456 -0.450294
0.0999235 -0.454565
0.105801 -0.458835
0.111679 -0.463106
0.117557 -0.467376
0.123435 -0.471647
0.129313 -0.475917
0.135191 -0.480188
0.141068 -0.484458
0.146946 -0.488729
0.152824 -0.492999
0.158702 -0.49727
0.16458 -0.50154
0.170458 -0.505811
0.176336 -0.510081
0.182213 -0.514352
0.188091 -0.518622
0.193969 -0.522893
0.199847 -0.527163
0.205725 -0.531434
0.211603 -0.535704
0.217481 -0.539975
0.223358 -0.544245
0.229236 -0.548516
0.235114 -0.552786
0.240992 -0.557057
0.24687 -0.561327
0.252748 -0.565598
0.258626 -0.569868
0.264503 -0.574139
0.270381 -0.578409
0.276259 -0.58268
0.282137 -0.58695
0.288015 -0.591221
0.293893 -0.595492
0.29977 -0.599762
0.305648 -0.604033
0.311526 -0.608303
0.317404 -0.612574
0.323282 -0.616844
0.32916 -0.621115
0.335038 -0.625385
0.340915 -0.629656
0.346793 -0.633926
0.352671 -0.638197
0.358549 -0.642467
0.364427 -0.646738
0.370305 -0.651008
0.376183 -0.655279
0.38206 -0.659549
0.387938 -0.66382
0.393816 -0.66809
0.399694 -0.672361
0.405572 -0.676631
0.41145 -0.680902
0.417328 -0.685172
0.423205 -0.689443
0.429083 -0.693713
0.434961 -0.697984
0.440839 -0.702254
0.446717 -0.706525
0.452595 -0.710795
0.458472 -0.715066
0.46435 -0.719336
0.470228 -0.723607
0.476106 -0.727877
0.481984 -0.732148
0.487862 -0.736418
0.49374 -0.740689
0.499617 -0.744959
0.505495 -0.74923
0.511373 -0.7535
0.517251 -0.757771
0.523129 -0.762041
0.529007 -0.766312
0.534885 -0.770582
0.540762 -0.774853
0.54664 -0.779123
0.552518 -0.783394
0.558396 -0.787664
0.564274 -0.791935
0.570152 -0.796205
0.57603 -0.800476
0.581907 -0.804746
0.587785 -0.809017
0.58554 -0.802107
0.583295 -0.795197
0.58105 -0.788288
0.578805 -0.781378
0.57656 -0.774468
0.574314 -0.767558
0.572069 -0.760648
0.569824 -0.753738
0.567579 -0.746829
0.565334 -0.739919
0.563089 -0.733009
0.560844 -0.726099
0.558598 -0.719189
0.556353 -0.712279
0.554108 -0.70537
0.551863 -0.69846
0.549618 -0.69155
0.547373 -0.68464
0.545128 -0.67773
0.542882 -0.67082
0.540637 -0.663911
0.538392 -0.657001
0.536147 -0.650091
0.533902 -0.643181
0.531657 -0.636271
0.529412 -0.629361
0.527166 -0.622452
0.524921 -0.615542
0.522676 -0.608632
0.520431 -0.601722
0.518186 -0.594812
0.515941 -0.587902
0.513696 -0.580993
0.51145 -0.574083
0.509205 -0.567173
0.50696 -0.560263
0.504715 -0.553353
0.50247 -0.546443
0.500225 -0.539534
0.49798 -0.532624
0.495735 -0.525714
0.493489 -0.518804
0.491244 -0.511894
0.488999 -0.504984
0.486754 -0.498075
0.484509 -0.491165
0.482264 -0.484255
0.480019 -0.477345
0.477773 -0.470435
0.475528 -0.463525
0.473283 -0.456616
0.471038 -0.449706
0.468793 -0.442796
0.466548 -0.435886
0.464303 -0.428976
0.462057 -0.422067
0.459812 -0.415157
0.457567 -0.408247
0.455322 -0.401337
0.453077 -0.394427
0.450832 -0.387517
0.448587 -0.380608
0.446341 -0.373698
0.444096 -0.366788
0.441851 -0.359878
0.439606 -0.352968
0.437361 -0.346058
0.435116 -0.339149
0.432871 -0.332239
0.430625 -0.325329
0.42838 -0.318419
0.426135 -0.311509
0.42389 -0.304599
0.421645 -0.29769
0.4194 -0.29078
0.417155 -0.28387
0.414909 -0.27696
0.412664 -0.27005
0.410419 -0.26314
0.408174 -0.256231
0.405929 -0.249321
0.403684 -0.242411
0.401439 -0.235501
0.399194 -0.228591
0.396948 -0.221681
0.394703 -0.214772
0.392458 -0.207862
0.390213 -0.200952
0.387968 -0.194042
0.385723 -0.187132
0.383478 -0.180222
0.381232 -0.173313
0.378987 -0.166403
0.376742 -0.159493
0.374497 -0.152583
0.372252 -0.145673
0.370007 -0.138763
0.367762 -0.131854
0.365516 -0.124944
0.363271 -0.118034
0.369149 -0.113763
0.375027 -0.109493
0.380905 -0.105222
0.386783 -0.100952
0.392661 -0.0966814
0.398538 -0.0924109
0.404416 -0.0881404
0.410294 -0.0838699
0.416172 -0.0795994
0.42205 -0.0753289
0.427928 -0.0710584
0.433805 -0.0667879
0.439683 -0.0625174
0.445561 -0.0582469
0.451439 -0.0539763
0.457317 -0.0497058
0.463195 -0.0454353
0.469073 -0.0411648
0.47495 -0.0368943
0.480828 -0.0326238
0.486706 -0.0283533
0.492584 -0.0240828
0.498462 -0.0198123
0.50434 -0.0155418
0.510218 -0.0112712
0.516095 -0.00700073
0.521973 -0.00273022
0.527851 0.00154029
0.533729 0.0058108
0.539607 0.0100813
0.545485 0.0143518
0.551363 0.0186223
0.55724 0.0228928
0.563118 0.0271633
0.568996 0.0314339
0.574874 0.0357044
0.580752 0.0399749
0.58663 0.0442454
0.592508 0.0485159
0.598385 0.0527864
0.604263 0.0570569
0.610141 0.0613274
0.616019 0.0655979
0.621897 0.0698684
0.627775 0.074139
0.633652 0.0784095
0.63953 0.08268
0.645408 0.0869505
0.651286 0.091221
0.657164 0.0954915
0.663042 0.099762
0.66892 0.104033
0.674797 0.108303
0.680675 0.112574
0.686553 0.116844
0.692431 0.121115
0.698309 0.125385
0.704187 0.129656
0.710065 0.133926
0.715942 0.138197
0.72182 0.142467
0.727698 0.146738
0.733576 0.151008
0.739454 0.155279
0.745332 0.159549
0.75121 0.16382
0.757087 0.16809
0.762965 0.172361
0.768843 0.176631
0.774721 0.180902
0.780599 0.185172
0.786477 0.189443
0.792354 0.193713
0.798232 0.197984
0.80411 0.202254
0.809988 0.206525
0.815866 0.210795
0.821744 0.215066
0.827622 0.219336
0.833499 0.223607
0.839377 0.227877
0.845255 0.232148
0.851133 0.236418
0.857011 0.240689
0.862889 0.244959
0.868767 0.24923
0.874644 0.2535
0.880522 0.257771
0.8864 0.262041
0.892278 0.266312
0.898156 0.270582
0.904034 0.274853
0.909912 0.279123
0.915789 0.283394
0.921667 0.287664
0.927545 0.291935
0.933423 0.296205
0.939301 0.300476
0.945179 0.304746
0.951057 0.309017
0.943791 0.309017
0.936526 0.309017
0.92926 0.309017
0.921995 0.309017
0.914729 0.309017
0.907464 0.309017
0.900199 0.309017
0.892933 0.309017
0.885668 0.309017
0.878402 0.309017
0.871137 0.309017
0.863871 0.309017
0.856606 0.309017
0.849341 0.309017
0.842075 0.309017
0.83481 0.309017
0.827544 0.309017
0.820279 0.309017
0.813013 0.309017
0.805748 0.309017
0.798483 0.309017
0.791217 0.309017
0.783952 0.309017
0.776686 0.309017
0.769421 0.309017
0.762155 0.309017
0.75489 0.309017
0.747625 0.309017
0.740359 0.309017
0.733094 0.309017
0.725828 0.309017
0.718563 0.309017
0.711297 0.309017
0.704032 0.309017
0.696767 0.309017
0.689501 0.309017
0.682236 0.309017
0.67497 0.309017
0.667705 0.309017
0.66044 0.309017
0.653174 0.309017
0.645909 0.309017
0.638643 0.309017
0.631378 0.309017
0.624112 0.309017
0.616847 0.309017
0.609582 0.309017
0.602316 0.309017
0.595051 0.309017
0.587785 0.309017
0.58052 0.309017
0.573254 0.309017
0.565989 0.309017
0.558724 0.309017
0.551458 0.309017
0.544193 0.309017
0.536927 0.309017
0.529662 0.309017
0.522396 0.309017
0.515131 0.309017
0.507866 0.309017
0.5006 0.309017
0.493335 0.309017
0.486069 0.309017
0.478804 0.309017
0.471538 0.309017
0.464273 0.309017
0.457008 0.309017
0.449742 0.309017
0.442477 0.309017
0.435211 0.309017
0.427946 0.309017
0.42068 0.309017
0.413415 0.309017
0.40615 0.309017
0.398884 0.309017
0.391619 0.309017
0.384353 0.309017
0.377088 0.309017
0.369822 0.309017
0.362557 0.309017
0.355292 0.309017
0.348026 0.309017
0.340761 0.309017
0.333495 0.309017
0.32623 0.309017
0.318965 0.309017
0.311699 0.309017
0.304434 0.309017
0.297168 0.309017
0.289903 0.309017
0.282637 0.309017
0.275372 0.309017
0.268107 0.309017
0.260841 0.309017
0.253576 0.309017
0.24631 0.309017
0.239045 0.309017
0.231779 0.309017
0.224514 0.309017
0.222269 0.315927
0.220024 0.322837
0.217779 0.329746
0.215533 0.336656
0.213288 0.343566
0.211043 0.350476
0.208798 0.357386
0.206553 0.364296
0.204308 0.371205
0.202063 0.378115
0.199817 0.385025
0.197572 0.391935
0.195327 0.398845
0.193082 0.405755
0.190837 0.412664
0.188592 0.419574
0.186347 0.426484
0.184101 0.433394
0.181856 0.440304
0.179611 0.447214
0.177366 0.454123
0.175121 0.461033
0.172876 0.467943
0.170631 0.474853
0.168385 0.481763
0.16614 0.488673
0.163895 0.495582
0.16165 0.502492
0.159405 0.509402
0.15716 0.516312
0.154915 0.523222
0.15267 0.530132
0.150424 0.537041
0.148179 0.543951
0.145934 0.550861
0.143689 0.557771
0.141444 0.564681
0.139199 0.571591
0.136954 0.5785
0.134708 0.58541
0.132463 0.59232
0.130218 0.59923
0.127973 0.60614
0.125728 0.61305
0.123483 0.619959
0.121238 0.626869
0.118992 0.633779
0.116747 0.640689
0.114502 0.647599
0.112257 0.654508
0.110012 0.661418
0.107767 0.668328
0.105522 0.675238
0.103276 0.682148
0.101031 0.689058
0.0987862 0.695967
0.096541 0.702877
0.0942959 0.709787
0.0920507 0.716697
0.0898056 0.723607
0.0875605 0.730517
0.0853153 0.737426
0.0830702 0.744336
0.080825 0.751246
0.0785799 0.758156
0.0763348 0.765066
0.0740896 0.771976
0.0718445 0.778885
0.0695993 0.785795
0.0673542 0.792705
0.0651091 0.799615
0.0628639 0.806525
0.0606188 0.813435
0.0583736 0.820344
0.0561285 0.827254
0.0538834 0.834164
0.0516382 0.841074
0.0493931 0.847984
0.0471479 0.854894
0.0449028 0.861803
0.0426577 0.868713
0.0404125 0.875623
0.0381674 0.882533
0.0359222 0.889443
0.0336771 0.896353
0.031432 0.903262
0.0291868 0.910172
0.0269417 0.917082
0.0246965 0.923992
0.0224514 0.930902
0.0202063 0.937812
0.0179611 0.944721
0.015716 0.951631
0.0134708 0.958541
0.0112257 0.965451
0.00898056 0.972361
0.00673542 0.979271
0.00449028 0.98618
0.00224514 0.99309
2
2
0.3333 0.3
0.6667 0.7