360
0.0371604 -14.4685
0.381138 -13.497
0.806417 -12.5485
1.30751 -11.6285
1.87638 -10.7407
2.50808 -9.88954
3.20103 -9.0819
3.95539 -8.32731
4.771 -7.63735
5.64524 -7.02383
6.57157 -6.49598
7.53965 -6.05746
8.5372 -5.70515
9.55251 -5.4303
10.5761 -5.2214
11.601 -5.06675
12.6226 -4.95595
13.6375 -4.88052
14.6437 -4.83401
15.6394 -4.81191
16.6234 -4.81154
17.5944 -4.83219
18.5515 -4.87519
19.4929 -4.94401
20.4167 -5.04426
21.32 -5.18341
22.1987 -5.37016
23.0471 -5.61335
23.858 -5.92041
24.6235 -6.29561
25.3359 -6.73868
25.9894 -7.24483
26.5807 -7.80589
27.1091 -8.41218
27.5756 -9.05413
27.9819 -9.72313
28.3304 -10.4118
28.623 -11.114
28.8617 -11.8244
29.048 -12.5383
29.1835 -13.2516
29.2692 -13.9605
29.3062 -14.6612
29.2956 -15.3501
29.2382 -16.0237
29.1343 -16.678
28.9837 -17.309
28.7851 -17.9121
28.5352 -18.4808
28.2296 -19.0048
27.8648 -19.4685
27.4441 -19.8539
26.9814 -20.1506
26.4974 -20.3665
26.0084 -20.5223
25.5232 -20.6389
25.0449 -20.7306
24.5745 -20.8063
24.1121 -20.8714
23.6576 -20.9286
23.2106 -20.9788
22.7707 -21.0232
22.3378 -21.063
21.9112 -21.0995
21.4906 -21.1334
21.0757 -21.1643
20.6661 -21.1914
20.2614 -21.2134
19.8614 -21.2291
19.4657 -21.238
19.074 -21.2401
18.6858 -21.2362
18.3007 -21.2271
17.9179 -21.2143
17.537 -21.199
17.1572 -21.1827
16.7778 -21.1666
16.3983 -21.1523
16.018 -21.1414
15.6361 -21.1361
15.2522 -21.1395
14.8662 -21.1571
14.4816 -21.2012
14.1218 -21.2994
13.867 -21.4887
13.8274 -21.758
14.0005 -22.0342
14.2816 -22.277
14.6004 -22.4941
14.9346 -22.6978
15.278 -22.8953
15.628 -23.0903
15.9831 -23.2847
16.3424 -23.4792
16.7056 -23.6736
17.0731 -23.8671
17.4452 -24.0581
17.8225 -24.2454
18.2052 -24.4278
18.5935 -24.6042
18.9874 -24.774
19.3866 -24.9368
19.7906 -25.0927
20.1989 -25.2418
20.6109 -25.3845
21.0263 -25.5207
21.4447 -25.6504
21.8659 -25.7732
22.2895 -25.8891
22.7143 -26.0003
23.1372 -26.1132
23.5512 -26.2415
23.9378 -26.4111
24.2477 -26.6611
24.3845 -27.0135
24.2782 -27.4121
23.9814 -27.7672
23.5907 -28.0489
23.1607 -28.2684
22.713 -28.4407
22.2567 -28.5763
21.7961 -28.6823
21.3336 -28.764
20.8709 -28.8252
20.4086 -28.8692
19.9476 -28.8985
19.4882 -28.9154
19.0307 -28.9217
18.5753 -28.9193
18.122 -28.91
17.6709 -28.8954
17.222 -28.8774
16.7753 -28.858
16.3305 -28.8395
15.8875 -28.8249
15.4462 -28.818
15.0064 -28.8244
14.5686 -28.8525
14.1358 -28.9159
13.7192 -29.0359
13.349 -29.2373
13.0736 -29.5279
12.9303 -29.8801
12.9141 -30.2495
12.9935 -30.6065
13.1383 -30.9405
13.3285 -31.2502
13.5517 -31.5371
13.7996 -31.8035
14.0666 -32.0519
14.3483 -32.2845
14.6414 -32.5039
14.9431 -32.7126
15.251 -32.9129
15.563 -33.1076
15.8768 -33.2994
16.1897 -33.4921
16.4974 -33.6905
16.7913 -33.9026
17.0469 -34.1426
17.1942 -34.4249
17.1294 -34.7255
16.8498 -34.9794
16.4663 -35.1715
16.054 -35.3336
15.6336 -35.4907
15.2102 -35.6555
14.787 -35.8349
14.3667 -36.0335
13.9523 -36.2543
13.5468 -36.4985
13.153 -36.7664
12.773 -37.0572
12.4085 -37.3696
12.0604 -37.7017
11.7294 -38.0517
11.416 -38.4182
11.121 -38.7998
10.8462 -39.1958
10.5947 -39.6057
10.3726 -40.0295
10.1902 -40.4666
10.0643 -40.9151
10.0192 -41.3683
10.0805 -41.8121
10.2631 -42.226
10.5598 -42.5917
10.9487 -42.9009
11.4075 -43.1521
11.9204 -43.3449
12.4761 -43.4775
13.0647 -43.5495
13.676 -43.5654
14.3012 -43.5368
14.9344 -43.4814
15.5725 -43.4214
16.2109 -43.383
16.8373 -43.4006
17.4155 -43.5211
17.8647 -43.7926
18.0872 -44.2136
18.0655 -44.7144
17.8637 -45.2282
17.5472 -45.7272
17.1566 -46.2049
16.7144 -46.6611
16.2338 -47.0973
15.7228 -47.5148
15.1862 -47.9142
14.6267 -48.2955
14.0452 -48.6573
13.4409 -48.9965
12.8116 -49.3067
12.1533 -49.5756
11.4641 -49.7806
10.7532 -49.8872
10.0509 -49.8682
9.38537 -49.7375
8.75292 -49.54
8.13052 -49.3164
7.49756 -49.0932
6.84144 -48.8876
6.15659 -48.7119
5.44292 -48.5752
4.70452 -48.4839
3.94835 -48.4414
3.18276 -48.4482
2.41616 -48.5026
1.65604 -48.6013
0.908646 -48.7404
0.179427 -48.9168
-0.525785 -49.1292
-1.19803 -49.3801
-1.81778 -49.6796
-2.33356 -50.0496
-2.64851 -50.5053
-2.77668 -51.005
-2.96507 -51.4815
-3.39489 -51.858
-4.00893 -52.095
-4.70026 -52.2199
-5.41789 -52.266
-6.14228 -52.2535
-6.86472 -52.1929
-7.58002 -52.0895
-8.28361 -51.9445
-8.9699 -51.7566
-9.63054 -51.522
-10.2526 -51.2356
-10.8174 -50.8935
-11.3031 -50.4972
-11.6939 -50.0565
-11.989 -49.5866
-12.2028 -49.1013
-12.3569 -48.6093
-12.4726 -48.1145
-12.5685 -47.6182
-12.6606 -47.1206
-12.7626 -46.6218
-12.8876 -46.1222
-13.0476 -45.6238
-13.2544 -45.1299
-13.518 -44.6463
-13.8453 -44.1814
-14.2381 -43.7454
-14.692 -43.3485
-15.1965 -42.9994
-15.7384 -42.7038
-16.3033 -42.4635
-16.8781 -42.2779
-17.452 -42.1447
-18.0163 -42.0608
-18.5647 -42.0228
-19.0925 -42.0269
-19.5959 -42.0697
-20.0725 -42.1478
-20.5203 -42.2579
-20.9385 -42.3964
-21.3266 -42.56
-21.6851 -42.7456
-22.0149 -42.9497
-22.3176 -43.1695
-22.5954 -43.4019
-22.851 -43.6441
-23.0879 -43.8929
-23.3109 -44.1451
-23.527 -44.3959
-23.7494 -44.6361
-24.0054 -44.8378
-24.331 -44.9203
-24.6948 -44.795
-25.0096 -44.514
-25.2611 -44.179
-25.4728 -43.8287
-25.6585 -43.4712
-25.8243 -43.1085
-25.9732 -42.7414
-26.1068 -42.37
-26.2258 -41.9944
-26.3302 -41.6146
-26.4197 -41.2308
-26.4937 -40.843
-26.551 -40.4513
-26.5902 -40.0561
-26.6092 -39.6581
-26.6057 -39.2579
-26.5766 -38.857
-26.5182 -38.4571
-26.4265 -38.0607
-26.2972 -37.6712
-26.1259 -37.2923
-25.9091 -36.9287
-25.6445 -36.5848
-25.3317 -36.2645
-24.9721 -35.9703
-24.5683 -35.7033
-24.124 -35.4633
-23.6434 -35.2488
-23.1304 -35.0577
-22.5886 -34.8875
-22.0208 -34.7356
-21.4296 -34.5992
-20.8171 -34.476
-20.185 -34.3632
-19.5348 -34.2583
-18.868 -34.1584
-18.1858 -34.0606
-17.4898 -33.9613
-16.7814 -33.8562
-16.0627 -33.7403
-15.3358 -33.6081
-14.6035 -33.4529
-13.8695 -33.2683
-13.1375 -33.0482
-12.4115 -32.7881
-11.695 -32.4857
-10.99 -32.1411
-10.2976 -31.7562
-9.61758 -31.3339
-8.94905 -30.8774
-8.29104 -30.3894
-7.64292 -29.872
-7.0048 -29.3262
-6.37778 -28.7521
-5.76412 -28.149
-5.16732 -27.5152
-4.59199 -26.8489
-4.04355 -26.1479
-3.52775 -25.411
-3.04983 -24.6378
-2.61391 -23.8292
-2.22219 -22.9872
-1.87462 -22.115
-1.56894 -21.2161
-1.30092 -20.2942
-1.0646 -19.3525
-0.852275 -18.3943
-0.653765 -17.4225
-0.454579 -16.4405
-0.233434 -15.4532
2
0